Energy(eV)	PL_intensity(a.u.)
1.90023	214.667
1.90052	184.333
1.90081	151.333
1.90109	129
1.90138	127.333
1.90167	111
1.90196	119.667
1.90224	119
1.90253	121.333
1.90282	104
1.90311	130.333
1.90339	126
1.90368	157.333
1.90397	138.667
1.90426	179
1.90455	158.333
1.90484	131
1.90512	109.333
1.90541	97.6667
1.9057	141.333
1.90599	108.333
1.90628	115.333
1.90657	95.6667
1.90686	160.667
1.90715	154
1.90744	131.667
1.90772	81.3333
1.90801	100.667
1.9083	136.333
1.90859	180.667
1.90888	202
1.90917	194.667
1.90946	177.667
1.90975	155.667
1.91004	179
1.91033	158
1.91062	166.333
1.91091	144
1.9112	180.667
1.9115	200.667
1.91179	236
1.91208	228.667
1.91237	234
1.91266	172.333
1.91295	180.667
1.91324	139
1.91353	191.333
1.91382	187.333
1.91412	199.667
1.91441	185.667
1.9147	197.667
1.91499	219.333
1.91528	221.667
1.91557	200.667
1.91587	190
1.91616	188.667
1.91645	218.667
1.91674	262
1.91704	289.333
1.91733	259.667
1.91762	192.333
1.91791	149
1.91821	152.333
1.9185	197.667
1.91879	219
1.91909	228.333
1.91938	231.667
1.91967	261.333
1.91997	299.667
1.92026	313.667
1.92055	295.667
1.92085	233.333
1.92114	196
1.92144	202.333
1.92173	262.333
1.92202	273
1.92232	295.333
1.92261	274.667
1.92291	322.333
1.9232	289
1.9235	314.333
1.92379	311.667
1.92409	371.333
1.92438	368
1.92468	400
1.92497	359.333
1.92527	386.333
1.92556	345.333
1.92586	353.333
1.92615	341.333
1.92645	376.667
1.92675	420
1.92704	427
1.92734	433.333
1.92763	420
1.92793	459.333
1.92823	426.333
1.92852	444.333
1.92882	417.333
1.92912	463
1.92941	475
1.92971	506
1.93001	492
1.9303	487.667
1.9306	491.333
1.9309	529.333
1.93119	567
1.93149	580.667
1.93179	558.333
1.93209	556.667
1.93239	566.667
1.93268	583.667
1.93298	580.333
1.93328	533.333
1.93358	548.333
1.93388	538
1.93417	585.333
1.93447	557.333
1.93477	540.333
1.93507	547
1.93537	560
1.93567	598.333
1.93597	593
1.93627	559.333
1.93656	585
1.93686	568.667
1.93716	601.667
1.93746	559.333
1.93776	572
1.93806	556
1.93836	584.333
1.93866	587
1.93896	625.333
1.93926	602.333
1.93956	602
1.93986	580.667
1.94016	609.333
1.94046	587.333
1.94076	592.333
1.94106	529.667
1.94137	568.333
1.94167	608.333
1.94197	672.667
1.94227	686
1.94257	700
1.94287	727.667
1.94317	766.667
1.94347	816.667
1.94378	856.667
1.94408	857.667
1.94438	827
1.94468	854.667
1.94498	879.667
1.94529	880
1.94559	894
1.94589	923.667
1.94619	985.333
1.9465	984.667
1.9468	998.667
1.9471	1010
1.9474	1046
1.94771	1093.67
1.94801	1163
1.94831	1227.33
1.94862	1269.67
1.94892	1285.67
1.94922	1324.67
1.94953	1400
1.94983	1519.67
1.95014	1551.67
1.95044	1582.33
1.95074	1653.33
1.95105	1790.33
1.95135	1912.33
1.95166	2044
1.95196	2197
1.95227	2380
1.95257	2483
1.95287	2520.67
1.95318	2590
1.95348	2597
1.95379	2566.67
1.9541	2423.33
1.9544	2277.67
1.95471	2157.67
1.95501	1996
1.95532	1804.67
1.95562	1622
1.95593	1499.67
1.95624	1452.33
1.95654	1347
1.95685	1272.33
1.95715	1207.33
1.95746	1251
1.95777	1301
1.95807	1373.67
1.95838	1401.67
1.95869	1419.67
1.95899	1450.67
1.9593	1530.67
1.95961	1555.67
1.95992	1531
1.96022	1499.33
1.96053	1489.67
1.96084	1505
1.96115	1454.33
1.96145	1467.33
1.96176	1388.67
1.96207	1298.33
1.96238	1139
1.96269	1066
1.96299	1044.67
1.9633	1063.33
1.96361	1049
1.96392	972.667
1.96423	900.333
1.96454	863.667
1.96485	834
1.96516	827.667
1.96546	801.667
1.96577	869.667
1.96608	858.333
1.96639	889.333
1.9667	870
1.96701	935.333
1.96732	906
1.96763	925
1.96794	889.333
1.96825	985.333
1.96856	975.667
1.96887	973.333
1.96918	939.667
1.96949	955
1.9698	1014.67
1.97012	1032
1.97043	1084
1.97074	1100
1.97105	1176.33
1.97136	1229.67
1.97167	1265
1.97198	1287.67
1.97229	1311.67
1.97261	1341.67
1.97292	1370
1.97323	1427.33
1.97354	1475.33
1.97385	1560.33
1.97417	1622.33
1.97448	1736.67
1.97479	1829
1.9751	1939.33
1.97542	2014
1.97573	2050
1.97604	2049.67
1.97636	2113
1.97667	2213
1.97698	2315
1.9773	2354
1.97761	2349.67
1.97792	2336.33
1.97824	2337.33
1.97855	2370.33
1.97886	2451.67
1.97918	2460.33
1.97949	2420
1.97981	2374
1.98012	2353
1.98043	2389.33
1.98075	2372
1.98106	2429.33
1.98138	2429.67
1.98169	2470.67
1.98201	2484.33
1.98232	2517
1.98264	2588.67
1.98295	2691.67
1.98327	2842.33
1.98359	3055.33
1.9839	3330.67
1.98422	3708.33
1.98453	4297
1.98485	5012.33
1.98517	6036
1.98548	7165.33
1.9858	8592
1.98611	10226
1.98643	11874.7
1.98675	13453.3
1.98706	14549.3
1.98738	15313.7
1.9877	15519
1.98802	15244
1.98833	14392.3
1.98865	13265.7
1.98897	11788.7
1.98929	10106
1.9896	8135.33
1.98992	6277.33
1.99024	4631.67
1.99056	3353
1.99087	2422
1.99119	1838
1.99151	1424
1.99183	1115.33
1.99215	959
1.99247	876.667
1.99279	885.333
1.9931	855.667
1.99342	916.333
1.99374	987.333
1.99406	1094
1.99438	1189.33
1.9947	1318
1.99502	1474.33
1.99534	1670.33
1.99566	1886.67
1.99598	2116.33
1.9963	2359.67
1.99662	2665.33
1.99694	2962.33
1.99726	3277
1.99758	3502
1.9979	3752.33
1.99822	4029.67
1.99854	4274
1.99887	4458
1.99919	4577.67
1.99951	4650
1.99983	4651
2.00015	4427.33
2.00047	4169.33
2.00079	3833.67
2.00112	3485.33
2.00144	3092.67
2.00176	2786.33
2.00208	2562.67
2.0024	2378.67
2.00273	2209.67
2.00305	2154
2.00337	2230.67
2.00369	2338
2.00402	2431.67
2.00434	2447.67
2.00466	2447
2.00499	2517
2.00531	2598
2.00563	2714.67
2.00596	2771.33
2.00628	2869.67
2.0066	3009.33
2.00693	3228.67
2.00725	3492.33
2.00758	3811.67
2.0079	4125
2.00822	4601.67
2.00855	5062.33
2.00887	5616.33
2.0092	5995.67
2.00952	6382.67
2.00985	6602.33
2.01017	6812.67
2.0105	7003.33
2.01082	7309
2.01115	7715.67
2.01147	8202
2.0118	8998.67
2.01212	10124
2.01245	11669.7
2.01278	13645
2.0131	16138
2.01343	19241.3
2.01376	22615.7
2.01408	26113
2.01441	29262
2.01473	31402
2.01506	32382
2.01539	32012
2.01572	30890.7
2.01604	28847.7
2.01637	26367
2.0167	23468
2.01702	20198.3
2.01735	16559.3
2.01768	12831
2.01801	9772.67
2.01834	7545.67
2.01866	6194.67
2.01899	5524
2.01932	5535
2.01965	6118.67
2.01998	7041.67
2.02031	8129.33
2.02063	9153.33
2.02096	10078.3
2.02129	10817.3
2.02162	11149
2.02195	11026.7
2.02228	10438
2.02261	9774.33
2.02294	8888.33
2.02327	7826.33
2.0236	6473
2.02393	5191
2.02426	4005.33
2.02459	2987.33
2.02492	2152
2.02525	1540.67
2.02558	1189.67
2.02591	913.667
2.02624	710
2.02657	557
2.0269	492.667
2.02724	455
2.02757	429.667
2.0279	340.667
2.02823	303.667
2.02856	252.333
2.02889	240.333
2.02922	222.667
2.02956	207.667
2.02989	213.667
2.03022	176.667
2.03055	182.667
2.03089	188.333
2.03122	225.667
2.03155	239
2.03188	243.333
2.03222	204
2.03255	233
2.03288	220.333
2.03322	246
2.03355	201.333
2.03388	217.667
2.03422	174
2.03455	187
2.03489	156
2.03522	133.667
2.03555	108
2.03589	71
2.03622	105.333
2.03656	140
2.03689	169.333
2.03723	186.667
2.03756	123
2.0379	104.333
2.03823	75
2.03857	84.6667
2.0389	85.3333
2.03924	90.3333
2.03957	91.6667
2.03991	64.3333
2.04024	87.3333
2.04058	100.667
2.04092	103.333
2.04125	135.667
2.04159	122
2.04193	188.333
2.04226	153.667
2.0426	182.333
2.04294	162
2.04327	165
2.04361	157.667
2.04395	167.333
2.04428	179.333
2.04462	166.667
2.04496	187.667
2.0453	195
2.04564	238.667
2.04597	228
2.04631	251.667
2.04665	307.333
2.04699	382.333
2.04733	460
2.04766	582
2.048	710
2.04834	809
2.04868	899
2.04902	1056
2.04936	1248.67
2.0497	1459.33
2.05004	1601.33
2.05038	1769
2.05072	1912
2.05106	2042.33
2.0514	2083.33
2.05174	2088
2.05208	2035
2.05242	1930.67
2.05276	1777.67
2.0531	1605
2.05344	1434.33
2.05378	1255.67
2.05412	1129.33
2.05446	1003.33
2.0548	911.333
2.05514	735
2.05549	667.333
2.05583	538.667
2.05617	476.333
2.05651	412
2.05685	354.667
2.0572	350
2.05754	276
2.05788	214
2.05822	152.333
2.05856	172
2.05891	145.333
2.05925	204
2.05959	145
2.05994	185
2.06028	100.333
2.06062	115.667
2.06097	105.333
2.06131	108.667
2.06165	99.6667
2.062	46.3333
2.06234	42.3333
2.06269	38.6667
2.06303	71.6667
2.06337	79.3333
2.06372	86
2.06406	70
2.06441	50.3333
2.06475	5.33333
2.0651	25.6667
2.06544	15.3333
2.06579	38
2.06613	54.3333
2.06648	97.6667
2.06682	81.3333
2.06717	85
2.06752	82.3333
2.06786	82.6667
2.06821	44
2.06855	3.66667
2.0689	-3.33333
2.06925	-4.33333
2.06959	3.66667
2.06994	48
2.07029	27.3333
2.07063	33.3333
2.07098	18.6667
2.07133	61.6667
2.07168	66.3333
2.07202	52.6667
2.07237	11.6667
2.07272	37.3333
2.07307	6
2.07342	50
2.07376	25.3333
2.07411	58.6667
2.07446	57.3333
2.07481	33.6667
2.07516	50
2.07551	35
2.07586	36.6667
2.0762	3
2.07655	0.666667
2.0769	19
2.07725	18.3333
2.0776	-2
2.07795	-3
2.0783	11.3333
2.07865	32.6667
2.079	35.3333
2.07935	17.3333
2.0797	-21
