T(K)	FWHM(meV)	FWHM_err(meV)
5.15	5.33102	0.29868
10	5.49097	0.31376
20	5.46835	0.29772
40	5.56766	0.38724
60	6.40498	0.63153
80	6.89223	0.37974
100	7.74279	0.31815
125	8.28934	0.05498
150	9.43299	0.05623
175	11.0405	0.07043
200	12.1539	0.08744
225	13.8576	0.09154
250	15.9927	0.10297
275	19.1719	0.13311
292	21.7617	0.14613
293.4	21.7168	0.15397
295	20.8952	0.14415
298.15	22.0606	0.14626
323.15	23.9681	0.42581
348.15	26.4688	0.52966
373.15	29.1032	0.64337
423.15	35.9898	0.37642
473.15	43.4758	0.6568
523.15	50.3312	1.25395
573.15	55.9666	2.27559
623.15	66.3197	1.08835
673.15	73.1774	1.17728
723.15	78.4755	1.65018
773.15	79.8457	1.60378
823.15	87.9963	2.0882
873.15	97.7254	3.21444
923.15	98.9245	3.75251
973.15	109.409	14.7612
1023.15	110.672	11.7897
1123.15	129.042	28.805
1173.15	143.653	19.9439
1223.15	142.82	12.7438
1273.15	142.2	35.1931
