T(K)	Varshni(eV)	Passler(eV)	ODonnell-Chen(eV)
0.000000	2.057844	2.049079	2.051380
1.000000	2.057842	2.049079	2.051380
2.000000	2.057836	2.049079	2.051380
3.000000	2.057825	2.049079	2.051380
4.000000	2.057811	2.049079	2.051380
5.000000	2.057793	2.049079	2.051380
6.000000	2.057770	2.049079	2.051380
7.000000	2.057744	2.049079	2.051380
8.000000	2.057714	2.049079	2.051380
9.000000	2.057681	2.049078	2.051380
10.000000	2.057644	2.049078	2.051380
11.000000	2.057603	2.049078	2.051380
12.000000	2.057558	2.049078	2.051380
13.000000	2.057511	2.049078	2.051380
14.000000	2.057459	2.049077	2.051380
15.000000	2.057405	2.049077	2.051380
16.000000	2.057347	2.049077	2.051380
17.000000	2.057285	2.049076	2.051380
18.000000	2.057221	2.049075	2.051380
19.000000	2.057153	2.049075	2.051380
20.000000	2.057082	2.049074	2.051380
21.000000	2.057008	2.049073	2.051380
22.000000	2.056931	2.049071	2.051380
23.000000	2.056851	2.049070	2.051380
24.000000	2.056768	2.049068	2.051380
25.000000	2.056682	2.049066	2.051380
26.000000	2.056593	2.049064	2.051380
27.000000	2.056501	2.049062	2.051380
28.000000	2.056407	2.049059	2.051379
29.000000	2.056309	2.049056	2.051378
30.000000	2.056209	2.049053	2.051377
31.000000	2.056107	2.049049	2.051376
32.000000	2.056001	2.049045	2.051374
33.000000	2.055893	2.049041	2.051372
34.000000	2.055783	2.049036	2.051370
35.000000	2.055670	2.049031	2.051366
36.000000	2.055554	2.049025	2.051362
37.000000	2.055436	2.049018	2.051357
38.000000	2.055315	2.049012	2.051351
39.000000	2.055192	2.049004	2.051344
40.000000	2.055067	2.048996	2.051336
41.000000	2.054939	2.048988	2.051327
42.000000	2.054809	2.048978	2.051316
43.000000	2.054677	2.048968	2.051304
44.000000	2.054543	2.048958	2.051290
45.000000	2.054406	2.048946	2.051274
46.000000	2.054267	2.048934	2.051256
47.000000	2.054126	2.048921	2.051237
48.000000	2.053982	2.048907	2.051215
49.000000	2.053837	2.048892	2.051191
50.000000	2.053690	2.048877	2.051165
51.000000	2.053540	2.048860	2.051137
52.000000	2.053388	2.048842	2.051106
53.000000	2.053235	2.048823	2.051072
54.000000	2.053079	2.048804	2.051036
55.000000	2.052922	2.048783	2.050997
56.000000	2.052762	2.048760	2.050955
57.000000	2.052601	2.048737	2.050911
58.000000	2.052438	2.048713	2.050864
59.000000	2.052273	2.048687	2.050813
60.000000	2.052106	2.048660	2.050760
61.000000	2.051937	2.048631	2.050704
62.000000	2.051766	2.048601	2.050644
63.000000	2.051594	2.048570	2.050582
64.000000	2.051420	2.048537	2.050516
65.000000	2.051244	2.048502	2.050447
66.000000	2.051067	2.048466	2.050375
67.000000	2.050887	2.048429	2.050300
68.000000	2.050706	2.048389	2.050221
69.000000	2.050524	2.048348	2.050140
70.000000	2.050340	2.048306	2.050055
71.000000	2.050154	2.048261	2.049967
72.000000	2.049966	2.048215	2.049875
73.000000	2.049778	2.048167	2.049780
74.000000	2.049587	2.048117	2.049683
75.000000	2.049395	2.048065	2.049581
76.000000	2.049201	2.048011	2.049477
77.000000	2.049006	2.047955	2.049370
78.000000	2.048810	2.047897	2.049259
79.000000	2.048612	2.047836	2.049145
80.000000	2.048412	2.047774	2.049028
81.000000	2.048211	2.047710	2.048908
82.000000	2.048009	2.047643	2.048785
83.000000	2.047805	2.047574	2.048658
84.000000	2.047600	2.047502	2.048529
85.000000	2.047393	2.047429	2.048396
86.000000	2.047185	2.047353	2.048261
87.000000	2.046976	2.047275	2.048122
88.000000	2.046766	2.047194	2.047981
89.000000	2.046554	2.047111	2.047837
90.000000	2.046341	2.047025	2.047690
91.000000	2.046126	2.046937	2.047540
92.000000	2.045910	2.046846	2.047387
93.000000	2.045693	2.046753	2.047231
94.000000	2.045475	2.046657	2.047073
95.000000	2.045256	2.046558	2.046911
96.000000	2.045035	2.046457	2.046748
97.000000	2.044813	2.046353	2.046581
98.000000	2.044590	2.046247	2.046412
99.000000	2.044366	2.046137	2.046240
100.000000	2.044140	2.046025	2.046066
101.000000	2.043914	2.045911	2.045889
102.000000	2.043686	2.045793	2.045710
103.000000	2.043457	2.045673	2.045528
104.000000	2.043227	2.045550	2.045343
105.000000	2.042996	2.045424	2.045157
106.000000	2.042764	2.045296	2.044968
107.000000	2.042531	2.045164	2.044776
108.000000	2.042296	2.045030	2.044583
109.000000	2.042061	2.044893	2.044387
110.000000	2.041824	2.044753	2.044188
111.000000	2.041587	2.044611	2.043988
112.000000	2.041348	2.044465	2.043785
113.000000	2.041109	2.044317	2.043581
114.000000	2.040868	2.044166	2.043374
115.000000	2.040627	2.044012	2.043165
116.000000	2.040384	2.043855	2.042954
117.000000	2.040141	2.043695	2.042741
118.000000	2.039896	2.043533	2.042526
119.000000	2.039651	2.043367	2.042309
120.000000	2.039404	2.043199	2.042090
121.000000	2.039157	2.043029	2.041869
122.000000	2.038908	2.042855	2.041646
123.000000	2.038659	2.042678	2.041421
124.000000	2.038409	2.042499	2.041195
125.000000	2.038158	2.042317	2.040967
126.000000	2.037906	2.042133	2.040737
127.000000	2.037653	2.041945	2.040505
128.000000	2.037400	2.041755	2.040271
129.000000	2.037145	2.041563	2.040036
130.000000	2.036889	2.041367	2.039799
131.000000	2.036633	2.041169	2.039561
132.000000	2.036376	2.040969	2.039321
133.000000	2.036118	2.040765	2.039079
134.000000	2.035859	2.040560	2.038835
135.000000	2.035600	2.040351	2.038591
136.000000	2.035339	2.040140	2.038344
137.000000	2.035078	2.039927	2.038096
138.000000	2.034816	2.039711	2.037847
139.000000	2.034553	2.039493	2.037596
140.000000	2.034289	2.039272	2.037344
141.000000	2.034025	2.039049	2.037090
142.000000	2.033759	2.038823	2.036835
143.000000	2.033493	2.038595	2.036578
144.000000	2.033227	2.038365	2.036320
145.000000	2.032959	2.038132	2.036061
146.000000	2.032691	2.037897	2.035801
147.000000	2.032422	2.037660	2.035539
148.000000	2.032152	2.037421	2.035276
149.000000	2.031882	2.037180	2.035011
150.000000	2.031611	2.036936	2.034746
151.000000	2.031339	2.036690	2.034479
152.000000	2.031066	2.036442	2.034211
153.000000	2.030793	2.036192	2.033941
154.000000	2.030519	2.035940	2.033671
155.000000	2.030244	2.035686	2.033399
156.000000	2.029969	2.035430	2.033126
157.000000	2.029693	2.035172	2.032853
158.000000	2.029417	2.034912	2.032578
159.000000	2.029139	2.034650	2.032302
160.000000	2.028861	2.034387	2.032024
161.000000	2.028583	2.034121	2.031746
162.000000	2.028303	2.033854	2.031467
163.000000	2.028023	2.033584	2.031187
164.000000	2.027743	2.033313	2.030905
165.000000	2.027462	2.033041	2.030623
166.000000	2.027180	2.032766	2.030339
167.000000	2.026897	2.032490	2.030055
168.000000	2.026614	2.032212	2.029770
169.000000	2.026331	2.031933	2.029484
170.000000	2.026046	2.031652	2.029197
171.000000	2.025762	2.031369	2.028908
172.000000	2.025476	2.031085	2.028619
173.000000	2.025190	2.030800	2.028330
174.000000	2.024903	2.030512	2.028039
175.000000	2.024616	2.030224	2.027747
176.000000	2.024328	2.029934	2.027455
177.000000	2.024040	2.029642	2.027161
178.000000	2.023751	2.029349	2.026867
179.000000	2.023462	2.029055	2.026572
180.000000	2.023172	2.028759	2.026276
181.000000	2.022881	2.028462	2.025979
182.000000	2.022590	2.028164	2.025682
183.000000	2.022298	2.027864	2.025384
184.000000	2.022006	2.027563	2.025085
185.000000	2.021713	2.027261	2.024785
186.000000	2.021420	2.026958	2.024484
187.000000	2.021126	2.026653	2.024183
188.000000	2.020832	2.026348	2.023881
189.000000	2.020537	2.026041	2.023578
190.000000	2.020242	2.025733	2.023275
191.000000	2.019946	2.025424	2.022970
192.000000	2.019650	2.025114	2.022666
193.000000	2.019353	2.024802	2.022360
194.000000	2.019056	2.024490	2.022054
195.000000	2.018758	2.024177	2.021747
196.000000	2.018460	2.023862	2.021439
197.000000	2.018161	2.023547	2.021131
198.000000	2.017861	2.023231	2.020822
199.000000	2.017562	2.022913	2.020513
200.000000	2.017262	2.022595	2.020202
201.000000	2.016961	2.022276	2.019892
202.000000	2.016660	2.021956	2.019580
203.000000	2.016358	2.021635	2.019268
204.000000	2.016056	2.021313	2.018956
205.000000	2.015753	2.020990	2.018642
206.000000	2.015450	2.020667	2.018329
207.000000	2.015147	2.020342	2.018014
208.000000	2.014843	2.020017	2.017699
209.000000	2.014539	2.019691	2.017384
210.000000	2.014234	2.019364	2.017068
211.000000	2.013929	2.019037	2.016751
212.000000	2.013623	2.018708	2.016434
213.000000	2.013317	2.018379	2.016116
214.000000	2.013011	2.018049	2.015798
215.000000	2.012704	2.017719	2.015479
216.000000	2.012397	2.017388	2.015160
217.000000	2.012089	2.017056	2.014840
218.000000	2.011781	2.016723	2.014520
219.000000	2.011472	2.016390	2.014199
220.000000	2.011163	2.016056	2.013878
221.000000	2.010854	2.015721	2.013556
222.000000	2.010544	2.015386	2.013234
223.000000	2.010234	2.015050	2.012911
224.000000	2.009923	2.014714	2.012588
225.000000	2.009612	2.014377	2.012265
226.000000	2.009301	2.014039	2.011941
227.000000	2.008989	2.013701	2.011616
228.000000	2.008677	2.013362	2.011291
229.000000	2.008365	2.013023	2.010966
230.000000	2.008052	2.012683	2.010640
231.000000	2.007739	2.012343	2.010313
232.000000	2.007425	2.012002	2.009987
233.000000	2.007111	2.011661	2.009659
234.000000	2.006797	2.011319	2.009332
235.000000	2.006482	2.010976	2.009004
236.000000	2.006167	2.010633	2.008675
237.000000	2.005852	2.010290	2.008347
238.000000	2.005536	2.009946	2.008017
239.000000	2.005220	2.009602	2.007688
240.000000	2.004903	2.009257	2.007358
241.000000	2.004587	2.008912	2.007027
242.000000	2.004269	2.008566	2.006697
243.000000	2.003952	2.008220	2.006365
244.000000	2.003634	2.007874	2.006034
245.000000	2.003316	2.007527	2.005702
246.000000	2.002997	2.007180	2.005370
247.000000	2.002678	2.006832	2.005037
248.000000	2.002359	2.006484	2.004704
249.000000	2.002040	2.006135	2.004371
250.000000	2.001720	2.005786	2.004037
251.000000	2.001400	2.005437	2.003703
252.000000	2.001079	2.005087	2.003369
253.000000	2.000758	2.004737	2.003034
254.000000	2.000437	2.004387	2.002699
255.000000	2.000116	2.004036	2.002363
256.000000	1.999794	2.003685	2.002028
257.000000	1.999472	2.003334	2.001692
258.000000	1.999149	2.002982	2.001355
259.000000	1.998827	2.002630	2.001019
260.000000	1.998504	2.002278	2.000682
261.000000	1.998180	2.001925	2.000344
262.000000	1.997857	2.001573	2.000007
263.000000	1.997533	2.001219	1.999669
264.000000	1.997209	2.000866	1.999330
265.000000	1.996884	2.000512	1.998992
266.000000	1.996559	2.000158	1.998653
267.000000	1.996234	1.999803	1.998314
268.000000	1.995909	1.999449	1.997974
269.000000	1.995583	1.999094	1.997635
270.000000	1.995257	1.998738	1.997295
271.000000	1.994931	1.998383	1.996954
272.000000	1.994604	1.998027	1.996614
273.000000	1.994278	1.997671	1.996273
274.000000	1.993951	1.997315	1.995932
275.000000	1.993623	1.996958	1.995591
276.000000	1.993296	1.996602	1.995249
277.000000	1.992968	1.996245	1.994907
278.000000	1.992640	1.995887	1.994565
279.000000	1.992311	1.995530	1.994222
280.000000	1.991982	1.995172	1.993880
281.000000	1.991653	1.994814	1.993537
282.000000	1.991324	1.994456	1.993194
283.000000	1.990995	1.994098	1.992850
284.000000	1.990665	1.993739	1.992506
285.000000	1.990335	1.993381	1.992162
286.000000	1.990005	1.993022	1.991818
287.000000	1.989674	1.992663	1.991474
288.000000	1.989343	1.992303	1.991129
289.000000	1.989012	1.991944	1.990784
290.000000	1.988681	1.991584	1.990439
291.000000	1.988349	1.991224	1.990094
292.000000	1.988017	1.990864	1.989748
293.000000	1.987685	1.990504	1.989402
294.000000	1.987353	1.990143	1.989056
295.000000	1.987021	1.989782	1.988710
296.000000	1.986688	1.989422	1.988364
297.000000	1.986355	1.989061	1.988017
298.000000	1.986022	1.988699	1.987670
299.000000	1.985688	1.988338	1.987323
300.000000	1.985354	1.987976	1.986975
301.000000	1.985020	1.987615	1.986628
302.000000	1.984686	1.987253	1.986280
303.000000	1.984352	1.986891	1.985932
304.000000	1.984017	1.986529	1.985584
305.000000	1.983682	1.986166	1.985235
306.000000	1.983347	1.985804	1.984887
307.000000	1.983012	1.985441	1.984538
308.000000	1.982676	1.985079	1.984189
309.000000	1.982340	1.984716	1.983840
310.000000	1.982004	1.984353	1.983490
311.000000	1.981668	1.983990	1.983141
312.000000	1.981332	1.983626	1.982791
313.000000	1.980995	1.983263	1.982441
314.000000	1.980658	1.982899	1.982091
315.000000	1.980321	1.982536	1.981741
316.000000	1.979984	1.982172	1.981390
317.000000	1.979646	1.981808	1.981039
318.000000	1.979308	1.981444	1.980689
319.000000	1.978970	1.981080	1.980338
320.000000	1.978632	1.980715	1.979986
321.000000	1.978294	1.980351	1.979635
322.000000	1.977955	1.979986	1.979283
323.000000	1.977617	1.979622	1.978932
324.000000	1.977278	1.979257	1.978580
325.000000	1.976938	1.978892	1.978227
326.000000	1.976599	1.978527	1.977875
327.000000	1.976259	1.978162	1.977523
328.000000	1.975920	1.977797	1.977170
329.000000	1.975580	1.977431	1.976817
330.000000	1.975239	1.977066	1.976464
331.000000	1.974899	1.976700	1.976111
332.000000	1.974558	1.976335	1.975758
333.000000	1.974218	1.975969	1.975405
334.000000	1.973877	1.975603	1.975051
335.000000	1.973536	1.975237	1.974697
336.000000	1.973194	1.974871	1.974344
337.000000	1.972853	1.974505	1.973990
338.000000	1.972511	1.974139	1.973635
339.000000	1.972169	1.973773	1.973281
340.000000	1.971827	1.973406	1.972927
341.000000	1.971485	1.973040	1.972572
342.000000	1.971142	1.972673	1.972217
343.000000	1.970800	1.972306	1.971862
344.000000	1.970457	1.971940	1.971507
345.000000	1.970114	1.971573	1.971152
346.000000	1.969771	1.971206	1.970797
347.000000	1.969427	1.970839	1.970441
348.000000	1.969084	1.970472	1.970085
349.000000	1.968740	1.970105	1.969730
350.000000	1.968396	1.969738	1.969374
351.000000	1.968052	1.969370	1.969018
352.000000	1.967708	1.969003	1.968661
353.000000	1.967363	1.968635	1.968305
354.000000	1.967019	1.968268	1.967949
355.000000	1.966674	1.967900	1.967592
356.000000	1.966329	1.967533	1.967235
357.000000	1.965984	1.967165	1.966879
358.000000	1.965639	1.966797	1.966522
359.000000	1.965293	1.966429	1.966164
360.000000	1.964948	1.966061	1.965807
361.000000	1.964602	1.965693	1.965450
362.000000	1.964256	1.965325	1.965092
363.000000	1.963910	1.964957	1.964735
364.000000	1.963563	1.964589	1.964377
365.000000	1.963217	1.964220	1.964019
366.000000	1.962870	1.963852	1.963661
367.000000	1.962524	1.963484	1.963303
368.000000	1.962177	1.963115	1.962945
369.000000	1.961830	1.962747	1.962587
370.000000	1.961483	1.962378	1.962228
371.000000	1.961135	1.962009	1.961870
372.000000	1.960788	1.961641	1.961511
373.000000	1.960440	1.961272	1.961152
374.000000	1.960092	1.960903	1.960793
375.000000	1.959744	1.960534	1.960434
376.000000	1.959396	1.960165	1.960075
377.000000	1.959048	1.959796	1.959716
378.000000	1.958699	1.959427	1.959356
379.000000	1.958351	1.959058	1.958997
380.000000	1.958002	1.958689	1.958637
381.000000	1.957653	1.958320	1.958278
382.000000	1.957304	1.957951	1.957918
383.000000	1.956955	1.957581	1.957558
384.000000	1.956605	1.957212	1.957198
385.000000	1.956256	1.956843	1.956838
386.000000	1.955906	1.956473	1.956478
387.000000	1.955557	1.956104	1.956117
388.000000	1.955207	1.955734	1.955757
389.000000	1.954857	1.955365	1.955396
390.000000	1.954506	1.954995	1.955036
391.000000	1.954156	1.954625	1.954675
392.000000	1.953806	1.954256	1.954314
393.000000	1.953455	1.953886	1.953953
394.000000	1.953104	1.953516	1.953592
395.000000	1.952753	1.953146	1.953231
396.000000	1.952402	1.952776	1.952870
397.000000	1.952051	1.952406	1.952508
398.000000	1.951700	1.952036	1.952147
399.000000	1.951348	1.951666	1.951786
400.000000	1.950997	1.951296	1.951424
401.000000	1.950645	1.950926	1.951062
402.000000	1.950293	1.950556	1.950701
403.000000	1.949941	1.950186	1.950339
404.000000	1.949589	1.949816	1.949977
405.000000	1.949237	1.949446	1.949615
406.000000	1.948885	1.949075	1.949252
407.000000	1.948532	1.948705	1.948890
408.000000	1.948179	1.948335	1.948528
409.000000	1.947827	1.947964	1.948165
410.000000	1.947474	1.947594	1.947803
411.000000	1.947121	1.947223	1.947440
412.000000	1.946768	1.946853	1.947078
413.000000	1.946414	1.946482	1.946715
414.000000	1.946061	1.946112	1.946352
415.000000	1.945708	1.945741	1.945989
416.000000	1.945354	1.945370	1.945626
417.000000	1.945000	1.945000	1.945263
418.000000	1.944646	1.944629	1.944900
419.000000	1.944292	1.944258	1.944537
420.000000	1.943938	1.943887	1.944173
421.000000	1.943584	1.943517	1.943810
422.000000	1.943230	1.943146	1.943446
423.000000	1.942875	1.942775	1.943083
424.000000	1.942520	1.942404	1.942719
425.000000	1.942166	1.942033	1.942355
426.000000	1.941811	1.941662	1.941991
427.000000	1.941456	1.941291	1.941628
428.000000	1.941101	1.940920	1.941264
429.000000	1.940746	1.940549	1.940900
430.000000	1.940390	1.940178	1.940535
431.000000	1.940035	1.939807	1.940171
432.000000	1.939679	1.939436	1.939807
433.000000	1.939324	1.939065	1.939443
434.000000	1.938968	1.938694	1.939078
435.000000	1.938612	1.938322	1.938714
436.000000	1.938256	1.937951	1.938349
437.000000	1.937900	1.937580	1.937984
438.000000	1.937544	1.937209	1.937620
439.000000	1.937188	1.936837	1.937255
440.000000	1.936831	1.936466	1.936890
441.000000	1.936475	1.936095	1.936525
442.000000	1.936118	1.935723	1.936160
443.000000	1.935761	1.935352	1.935795
444.000000	1.935404	1.934980	1.935430
445.000000	1.935047	1.934609	1.935065
446.000000	1.934690	1.934237	1.934699
447.000000	1.934333	1.933866	1.934334
448.000000	1.933976	1.933494	1.933969
449.000000	1.933618	1.933123	1.933603
450.000000	1.933261	1.932751	1.933238
451.000000	1.932903	1.932380	1.932872
452.000000	1.932545	1.932008	1.932506
453.000000	1.932188	1.931636	1.932140
454.000000	1.931830	1.931265	1.931775
455.000000	1.931472	1.930893	1.931409
456.000000	1.931114	1.930521	1.931043
457.000000	1.930755	1.930150	1.930677
458.000000	1.930397	1.929778	1.930311
459.000000	1.930039	1.929406	1.929945
460.000000	1.929680	1.929034	1.929578
461.000000	1.929321	1.928663	1.929212
462.000000	1.928963	1.928291	1.928846
463.000000	1.928604	1.927919	1.928479
464.000000	1.928245	1.927547	1.928113
465.000000	1.927886	1.927175	1.927746
466.000000	1.927527	1.926803	1.927380
467.000000	1.927168	1.926431	1.927013
468.000000	1.926808	1.926059	1.926647
469.000000	1.926449	1.925687	1.926280
470.000000	1.926089	1.925315	1.925913
471.000000	1.925730	1.924943	1.925546
472.000000	1.925370	1.924571	1.925179
473.000000	1.925010	1.924199	1.924812
474.000000	1.924650	1.923827	1.924445
475.000000	1.924290	1.923455	1.924078
476.000000	1.923930	1.923083	1.923711
477.000000	1.923570	1.922711	1.923344
478.000000	1.923210	1.922339	1.922976
479.000000	1.922850	1.921967	1.922609
480.000000	1.922489	1.921595	1.922242
481.000000	1.922129	1.921223	1.921874
482.000000	1.921768	1.920850	1.921507
483.000000	1.921407	1.920478	1.921139
484.000000	1.921047	1.920106	1.920772
485.000000	1.920686	1.919734	1.920404
486.000000	1.920325	1.919361	1.920036
487.000000	1.919964	1.918989	1.919669
488.000000	1.919602	1.918617	1.919301
489.000000	1.919241	1.918245	1.918933
490.000000	1.918880	1.917872	1.918565
491.000000	1.918518	1.917500	1.918197
492.000000	1.918157	1.917128	1.917829
493.000000	1.917795	1.916755	1.917461
494.000000	1.917434	1.916383	1.917093
495.000000	1.917072	1.916011	1.916725
496.000000	1.916710	1.915638	1.916356
497.000000	1.916348	1.915266	1.915988
498.000000	1.915986	1.914893	1.915620
499.000000	1.915624	1.914521	1.915251
500.000000	1.915262	1.914149	1.914883
501.000000	1.914900	1.913776	1.914515
502.000000	1.914537	1.913404	1.914146
503.000000	1.914175	1.913031	1.913777
504.000000	1.913812	1.912659	1.913409
505.000000	1.913450	1.912286	1.913040
506.000000	1.913087	1.911914	1.912672
507.000000	1.912724	1.911541	1.912303
508.000000	1.912361	1.911169	1.911934
509.000000	1.911998	1.910796	1.911565
510.000000	1.911635	1.910423	1.911196
511.000000	1.911272	1.910051	1.910827
512.000000	1.910909	1.909678	1.910458
513.000000	1.910546	1.909306	1.910089
514.000000	1.910183	1.908933	1.909720
515.000000	1.909819	1.908560	1.909351
516.000000	1.909456	1.908188	1.908982
517.000000	1.909092	1.907815	1.908613
518.000000	1.908729	1.907442	1.908243
519.000000	1.908365	1.907070	1.907874
520.000000	1.908001	1.906697	1.907505
521.000000	1.907637	1.906324	1.907135
522.000000	1.907273	1.905952	1.906766
523.000000	1.906909	1.905579	1.906396
524.000000	1.906545	1.905206	1.906027
525.000000	1.906181	1.904833	1.905657
526.000000	1.905817	1.904461	1.905288
527.000000	1.905452	1.904088	1.904918
528.000000	1.905088	1.903715	1.904548
529.000000	1.904724	1.903342	1.904179
530.000000	1.904359	1.902970	1.903809
531.000000	1.903994	1.902597	1.903439
532.000000	1.903630	1.902224	1.903069
533.000000	1.903265	1.901851	1.902699
534.000000	1.902900	1.901478	1.902329
535.000000	1.902535	1.901106	1.901960
536.000000	1.902170	1.900733	1.901590
537.000000	1.901805	1.900360	1.901219
538.000000	1.901440	1.899987	1.900849
539.000000	1.901075	1.899614	1.900479
540.000000	1.900710	1.899241	1.900109
541.000000	1.900344	1.898868	1.899739
542.000000	1.899979	1.898495	1.899369
543.000000	1.899614	1.898123	1.898998
544.000000	1.899248	1.897750	1.898628
545.000000	1.898882	1.897377	1.898258
546.000000	1.898517	1.897004	1.897887
547.000000	1.898151	1.896631	1.897517
548.000000	1.897785	1.896258	1.897146
549.000000	1.897419	1.895885	1.896776
550.000000	1.897053	1.895512	1.896405
551.000000	1.896687	1.895139	1.896035
552.000000	1.896321	1.894766	1.895664
553.000000	1.895955	1.894393	1.895293
554.000000	1.895589	1.894020	1.894923
555.000000	1.895223	1.893647	1.894552
556.000000	1.894856	1.893274	1.894181
557.000000	1.894490	1.892901	1.893810
558.000000	1.894123	1.892528	1.893440
559.000000	1.893757	1.892155	1.893069
560.000000	1.893390	1.891782	1.892698
561.000000	1.893024	1.891409	1.892327
562.000000	1.892657	1.891036	1.891956
563.000000	1.892290	1.890663	1.891585
564.000000	1.891923	1.890290	1.891214
565.000000	1.891556	1.889916	1.890843
566.000000	1.891189	1.889543	1.890472
567.000000	1.890822	1.889170	1.890100
568.000000	1.890455	1.888797	1.889729
569.000000	1.890088	1.888424	1.889358
570.000000	1.889721	1.888051	1.888987
571.000000	1.889353	1.887678	1.888615
572.000000	1.888986	1.887305	1.888244
573.000000	1.888619	1.886932	1.887873
574.000000	1.888251	1.886558	1.887501
575.000000	1.887884	1.886185	1.887130
576.000000	1.887516	1.885812	1.886758
577.000000	1.887148	1.885439	1.886387
578.000000	1.886781	1.885066	1.886015
579.000000	1.886413	1.884693	1.885644
580.000000	1.886045	1.884319	1.885272
581.000000	1.885677	1.883946	1.884901
582.000000	1.885309	1.883573	1.884529
583.000000	1.884941	1.883200	1.884157
584.000000	1.884573	1.882827	1.883786
585.000000	1.884205	1.882453	1.883414
586.000000	1.883837	1.882080	1.883042
587.000000	1.883468	1.881707	1.882670
588.000000	1.883100	1.881334	1.882299
589.000000	1.882732	1.880960	1.881927
590.000000	1.882363	1.880587	1.881555
591.000000	1.881995	1.880214	1.881183
592.000000	1.881626	1.879841	1.880811
593.000000	1.881258	1.879467	1.880439
594.000000	1.880889	1.879094	1.880067
595.000000	1.880520	1.878721	1.879695
596.000000	1.880151	1.878348	1.879323
597.000000	1.879783	1.877974	1.878951
598.000000	1.879414	1.877601	1.878579
599.000000	1.879045	1.877228	1.878206
600.000000	1.878676	1.876854	1.877834
601.000000	1.878307	1.876481	1.877462
602.000000	1.877937	1.876108	1.877090
603.000000	1.877568	1.875734	1.876718
604.000000	1.877199	1.875361	1.876345
605.000000	1.876830	1.874988	1.875973
606.000000	1.876460	1.874614	1.875601
607.000000	1.876091	1.874241	1.875228
608.000000	1.875722	1.873868	1.874856
609.000000	1.875352	1.873494	1.874483
610.000000	1.874983	1.873121	1.874111
611.000000	1.874613	1.872748	1.873738
612.000000	1.874243	1.872374	1.873366
613.000000	1.873874	1.872001	1.872993
614.000000	1.873504	1.871628	1.872621
615.000000	1.873134	1.871254	1.872248
616.000000	1.872764	1.870881	1.871876
617.000000	1.872394	1.870507	1.871503
618.000000	1.872024	1.870134	1.871130
619.000000	1.871654	1.869761	1.870757
620.000000	1.871284	1.869387	1.870385
621.000000	1.870914	1.869014	1.870012
622.000000	1.870544	1.868640	1.869639
623.000000	1.870174	1.868267	1.869266
624.000000	1.869803	1.867894	1.868894
625.000000	1.869433	1.867520	1.868521
626.000000	1.869063	1.867147	1.868148
627.000000	1.868692	1.866773	1.867775
628.000000	1.868322	1.866400	1.867402
629.000000	1.867951	1.866026	1.867029
630.000000	1.867581	1.865653	1.866656
631.000000	1.867210	1.865280	1.866283
632.000000	1.866839	1.864906	1.865910
633.000000	1.866469	1.864533	1.865537
634.000000	1.866098	1.864159	1.865164
635.000000	1.865727	1.863786	1.864791
636.000000	1.865356	1.863412	1.864418
637.000000	1.864985	1.863039	1.864044
638.000000	1.864614	1.862665	1.863671
639.000000	1.864243	1.862292	1.863298
640.000000	1.863872	1.861918	1.862925
641.000000	1.863501	1.861545	1.862552
642.000000	1.863130	1.861171	1.862178
643.000000	1.862759	1.860798	1.861805
644.000000	1.862387	1.860424	1.861432
645.000000	1.862016	1.860051	1.861058
646.000000	1.861645	1.859677	1.860685
647.000000	1.861273	1.859304	1.860312
648.000000	1.860902	1.858930	1.859938
649.000000	1.860530	1.858557	1.859565
650.000000	1.860159	1.858183	1.859191
651.000000	1.859787	1.857810	1.858818
652.000000	1.859416	1.857436	1.858444
653.000000	1.859044	1.857063	1.858071
654.000000	1.858672	1.856689	1.857697
655.000000	1.858301	1.856316	1.857324
656.000000	1.857929	1.855942	1.856950
657.000000	1.857557	1.855569	1.856576
658.000000	1.857185	1.855195	1.856203
659.000000	1.856813	1.854821	1.855829
660.000000	1.856441	1.854448	1.855455
661.000000	1.856069	1.854074	1.855082
662.000000	1.855697	1.853701	1.854708
663.000000	1.855325	1.853327	1.854334
664.000000	1.854953	1.852954	1.853960
665.000000	1.854581	1.852580	1.853587
666.000000	1.854208	1.852207	1.853213
667.000000	1.853836	1.851833	1.852839
668.000000	1.853464	1.851459	1.852465
669.000000	1.853091	1.851086	1.852091
670.000000	1.852719	1.850712	1.851717
671.000000	1.852346	1.850339	1.851343
672.000000	1.851974	1.849965	1.850970
673.000000	1.851601	1.849591	1.850596
674.000000	1.851229	1.849218	1.850222
675.000000	1.850856	1.848844	1.849848
676.000000	1.850483	1.848471	1.849474
677.000000	1.850111	1.848097	1.849100
678.000000	1.849738	1.847723	1.848726
679.000000	1.849365	1.847350	1.848351
680.000000	1.848992	1.846976	1.847977
681.000000	1.848619	1.846603	1.847603
682.000000	1.848246	1.846229	1.847229
683.000000	1.847873	1.845855	1.846855
684.000000	1.847500	1.845482	1.846481
685.000000	1.847127	1.845108	1.846107
686.000000	1.846754	1.844734	1.845732
687.000000	1.846381	1.844361	1.845358
688.000000	1.846008	1.843987	1.844984
689.000000	1.845635	1.843614	1.844610
690.000000	1.845262	1.843240	1.844235
691.000000	1.844888	1.842866	1.843861
692.000000	1.844515	1.842493	1.843487
693.000000	1.844142	1.842119	1.843112
694.000000	1.843768	1.841745	1.842738
695.000000	1.843395	1.841372	1.842364
696.000000	1.843021	1.840998	1.841989
697.000000	1.842648	1.840624	1.841615
698.000000	1.842274	1.840251	1.841240
699.000000	1.841900	1.839877	1.840866
700.000000	1.841527	1.839503	1.840491
701.000000	1.841153	1.839130	1.840117
702.000000	1.840779	1.838756	1.839742
703.000000	1.840406	1.838382	1.839368
704.000000	1.840032	1.838009	1.838993
705.000000	1.839658	1.837635	1.838619
706.000000	1.839284	1.837261	1.838244
707.000000	1.838910	1.836888	1.837870
708.000000	1.838536	1.836514	1.837495
709.000000	1.838162	1.836140	1.837120
710.000000	1.837788	1.835766	1.836746
711.000000	1.837414	1.835393	1.836371
712.000000	1.837040	1.835019	1.835996
713.000000	1.836666	1.834645	1.835622
714.000000	1.836292	1.834272	1.835247
715.000000	1.835918	1.833898	1.834872
716.000000	1.835543	1.833524	1.834497
717.000000	1.835169	1.833151	1.834123
718.000000	1.834795	1.832777	1.833748
719.000000	1.834420	1.832403	1.833373
720.000000	1.834046	1.832029	1.832998
721.000000	1.833672	1.831656	1.832623
722.000000	1.833297	1.831282	1.832248
723.000000	1.832923	1.830908	1.831874
724.000000	1.832548	1.830535	1.831499
725.000000	1.832173	1.830161	1.831124
726.000000	1.831799	1.829787	1.830749
727.000000	1.831424	1.829413	1.830374
728.000000	1.831050	1.829040	1.829999
729.000000	1.830675	1.828666	1.829624
730.000000	1.830300	1.828292	1.829249
731.000000	1.829925	1.827918	1.828874
732.000000	1.829550	1.827545	1.828499
733.000000	1.829176	1.827171	1.828124
734.000000	1.828801	1.826797	1.827749
735.000000	1.828426	1.826423	1.827374
736.000000	1.828051	1.826050	1.826999
737.000000	1.827676	1.825676	1.826624
738.000000	1.827301	1.825302	1.826248
739.000000	1.826926	1.824928	1.825873
740.000000	1.826551	1.824555	1.825498
741.000000	1.826176	1.824181	1.825123
742.000000	1.825800	1.823807	1.824748
743.000000	1.825425	1.823433	1.824373
744.000000	1.825050	1.823060	1.823997
745.000000	1.824675	1.822686	1.823622
746.000000	1.824299	1.822312	1.823247
747.000000	1.823924	1.821938	1.822872
748.000000	1.823549	1.821565	1.822496
749.000000	1.823173	1.821191	1.822121
750.000000	1.822798	1.820817	1.821746
751.000000	1.822422	1.820443	1.821371
752.000000	1.822047	1.820069	1.820995
753.000000	1.821671	1.819696	1.820620
754.000000	1.821296	1.819322	1.820244
755.000000	1.820920	1.818948	1.819869
756.000000	1.820545	1.818574	1.819494
757.000000	1.820169	1.818201	1.819118
758.000000	1.819793	1.817827	1.818743
759.000000	1.819418	1.817453	1.818367
760.000000	1.819042	1.817079	1.817992
761.000000	1.818666	1.816705	1.817617
762.000000	1.818290	1.816332	1.817241
763.000000	1.817914	1.815958	1.816866
764.000000	1.817538	1.815584	1.816490
765.000000	1.817163	1.815210	1.816115
766.000000	1.816787	1.814836	1.815739
767.000000	1.816411	1.814463	1.815364
768.000000	1.816035	1.814089	1.814988
769.000000	1.815659	1.813715	1.814612
770.000000	1.815283	1.813341	1.814237
771.000000	1.814906	1.812967	1.813861
772.000000	1.814530	1.812594	1.813486
773.000000	1.814154	1.812220	1.813110
774.000000	1.813778	1.811846	1.812734
775.000000	1.813402	1.811472	1.812359
776.000000	1.813025	1.811098	1.811983
777.000000	1.812649	1.810725	1.811607
778.000000	1.812273	1.810351	1.811232
779.000000	1.811897	1.809977	1.810856
780.000000	1.811520	1.809603	1.810480
781.000000	1.811144	1.809229	1.810104
782.000000	1.810767	1.808855	1.809729
783.000000	1.810391	1.808482	1.809353
784.000000	1.810014	1.808108	1.808977
785.000000	1.809638	1.807734	1.808601
786.000000	1.809261	1.807360	1.808226
787.000000	1.808885	1.806986	1.807850
788.000000	1.808508	1.806612	1.807474
789.000000	1.808132	1.806239	1.807098
790.000000	1.807755	1.805865	1.806722
791.000000	1.807378	1.805491	1.806346
792.000000	1.807001	1.805117	1.805971
793.000000	1.806625	1.804743	1.805595
794.000000	1.806248	1.804369	1.805219
795.000000	1.805871	1.803996	1.804843
796.000000	1.805494	1.803622	1.804467
797.000000	1.805117	1.803248	1.804091
798.000000	1.804741	1.802874	1.803715
799.000000	1.804364	1.802500	1.803339
800.000000	1.803987	1.802126	1.802963
801.000000	1.803610	1.801753	1.802587
802.000000	1.803233	1.801379	1.802211
803.000000	1.802856	1.801005	1.801835
804.000000	1.802479	1.800631	1.801459
805.000000	1.802102	1.800257	1.801083
806.000000	1.801724	1.799883	1.800707
807.000000	1.801347	1.799509	1.800331
808.000000	1.800970	1.799136	1.799955
809.000000	1.800593	1.798762	1.799579
810.000000	1.800216	1.798388	1.799203
811.000000	1.799838	1.798014	1.798827
812.000000	1.799461	1.797640	1.798451
813.000000	1.799084	1.797266	1.798074
814.000000	1.798707	1.796892	1.797698
815.000000	1.798329	1.796519	1.797322
816.000000	1.797952	1.796145	1.796946
817.000000	1.797574	1.795771	1.796570
818.000000	1.797197	1.795397	1.796194
819.000000	1.796819	1.795023	1.795817
820.000000	1.796442	1.794649	1.795441
821.000000	1.796064	1.794275	1.795065
822.000000	1.795687	1.793901	1.794689
823.000000	1.795309	1.793528	1.794312
824.000000	1.794932	1.793154	1.793936
825.000000	1.794554	1.792780	1.793560
826.000000	1.794176	1.792406	1.793184
827.000000	1.793799	1.792032	1.792807
828.000000	1.793421	1.791658	1.792431
829.000000	1.793043	1.791284	1.792055
830.000000	1.792666	1.790910	1.791678
831.000000	1.792288	1.790537	1.791302
832.000000	1.791910	1.790163	1.790926
833.000000	1.791532	1.789789	1.790549
834.000000	1.791154	1.789415	1.790173
835.000000	1.790776	1.789041	1.789797
836.000000	1.790399	1.788667	1.789420
837.000000	1.790021	1.788293	1.789044
838.000000	1.789643	1.787919	1.788667
839.000000	1.789265	1.787545	1.788291
840.000000	1.788887	1.787172	1.787915
841.000000	1.788509	1.786798	1.787538
842.000000	1.788131	1.786424	1.787162
843.000000	1.787753	1.786050	1.786785
844.000000	1.787374	1.785676	1.786409
845.000000	1.786996	1.785302	1.786032
846.000000	1.786618	1.784928	1.785656
847.000000	1.786240	1.784554	1.785279
848.000000	1.785862	1.784180	1.784903
849.000000	1.785484	1.783807	1.784526
850.000000	1.785105	1.783433	1.784150
851.000000	1.784727	1.783059	1.783773
852.000000	1.784349	1.782685	1.783397
853.000000	1.783970	1.782311	1.783020
854.000000	1.783592	1.781937	1.782644
855.000000	1.783214	1.781563	1.782267
856.000000	1.782835	1.781189	1.781890
857.000000	1.782457	1.780815	1.781514
858.000000	1.782078	1.780441	1.781137
859.000000	1.781700	1.780067	1.780761
860.000000	1.781321	1.779694	1.780384
861.000000	1.780943	1.779320	1.780007
862.000000	1.780564	1.778946	1.779631
863.000000	1.780186	1.778572	1.779254
864.000000	1.779807	1.778198	1.778877
865.000000	1.779429	1.777824	1.778501
866.000000	1.779050	1.777450	1.778124
867.000000	1.778671	1.777076	1.777747
868.000000	1.778293	1.776702	1.777370
869.000000	1.777914	1.776328	1.776994
870.000000	1.777535	1.775954	1.776617
871.000000	1.777157	1.775581	1.776240
872.000000	1.776778	1.775207	1.775864
873.000000	1.776399	1.774833	1.775487
874.000000	1.776020	1.774459	1.775110
875.000000	1.775641	1.774085	1.774733
876.000000	1.775263	1.773711	1.774356
877.000000	1.774884	1.773337	1.773980
878.000000	1.774505	1.772963	1.773603
879.000000	1.774126	1.772589	1.773226
880.000000	1.773747	1.772215	1.772849
881.000000	1.773368	1.771841	1.772472
882.000000	1.772989	1.771467	1.772095
883.000000	1.772610	1.771093	1.771719
884.000000	1.772231	1.770719	1.771342
885.000000	1.771852	1.770346	1.770965
886.000000	1.771473	1.769972	1.770588
887.000000	1.771094	1.769598	1.770211
888.000000	1.770715	1.769224	1.769834
889.000000	1.770335	1.768850	1.769457
890.000000	1.769956	1.768476	1.769080
891.000000	1.769577	1.768102	1.768704
892.000000	1.769198	1.767728	1.768327
893.000000	1.768819	1.767354	1.767950
894.000000	1.768439	1.766980	1.767573
895.000000	1.768060	1.766606	1.767196
896.000000	1.767681	1.766232	1.766819
897.000000	1.767301	1.765858	1.766442
898.000000	1.766922	1.765484	1.766065
899.000000	1.766543	1.765110	1.765688
900.000000	1.766163	1.764737	1.765311
901.000000	1.765784	1.764363	1.764934
902.000000	1.765405	1.763989	1.764557
903.000000	1.765025	1.763615	1.764180
904.000000	1.764646	1.763241	1.763803
905.000000	1.764266	1.762867	1.763426
906.000000	1.763887	1.762493	1.763049
907.000000	1.763507	1.762119	1.762672
908.000000	1.763128	1.761745	1.762294
909.000000	1.762748	1.761371	1.761917
910.000000	1.762368	1.760997	1.761540
911.000000	1.761989	1.760623	1.761163
912.000000	1.761609	1.760249	1.760786
913.000000	1.761230	1.759875	1.760409
914.000000	1.760850	1.759501	1.760032
915.000000	1.760470	1.759127	1.759655
916.000000	1.760091	1.758753	1.759278
917.000000	1.759711	1.758379	1.758900
918.000000	1.759331	1.758005	1.758523
919.000000	1.758951	1.757632	1.758146
920.000000	1.758572	1.757258	1.757769
921.000000	1.758192	1.756884	1.757392
922.000000	1.757812	1.756510	1.757015
923.000000	1.757432	1.756136	1.756637
924.000000	1.757052	1.755762	1.756260
925.000000	1.756672	1.755388	1.755883
926.000000	1.756292	1.755014	1.755506
927.000000	1.755912	1.754640	1.755129
928.000000	1.755533	1.754266	1.754751
929.000000	1.755153	1.753892	1.754374
930.000000	1.754773	1.753518	1.753997
931.000000	1.754393	1.753144	1.753620
932.000000	1.754013	1.752770	1.753242
933.000000	1.753633	1.752396	1.752865
934.000000	1.753252	1.752022	1.752488
935.000000	1.752872	1.751648	1.752110
936.000000	1.752492	1.751274	1.751733
937.000000	1.752112	1.750900	1.751356
938.000000	1.751732	1.750526	1.750979
939.000000	1.751352	1.750152	1.750601
940.000000	1.750972	1.749778	1.750224
941.000000	1.750592	1.749404	1.749847
942.000000	1.750211	1.749030	1.749469
943.000000	1.749831	1.748656	1.749092
944.000000	1.749451	1.748282	1.748714
945.000000	1.749071	1.747909	1.748337
946.000000	1.748690	1.747535	1.747960
947.000000	1.748310	1.747161	1.747582
948.000000	1.747930	1.746787	1.747205
949.000000	1.747549	1.746413	1.746828
950.000000	1.747169	1.746039	1.746450
951.000000	1.746789	1.745665	1.746073
952.000000	1.746408	1.745291	1.745695
953.000000	1.746028	1.744917	1.745318
954.000000	1.745647	1.744543	1.744941
955.000000	1.745267	1.744169	1.744563
956.000000	1.744886	1.743795	1.744186
957.000000	1.744506	1.743421	1.743808
958.000000	1.744125	1.743047	1.743431
959.000000	1.743745	1.742673	1.743053
960.000000	1.743364	1.742299	1.742676
961.000000	1.742984	1.741925	1.742298
962.000000	1.742603	1.741551	1.741921
963.000000	1.742223	1.741177	1.741543
964.000000	1.741842	1.740803	1.741166
965.000000	1.741461	1.740429	1.740788
966.000000	1.741081	1.740055	1.740411
967.000000	1.740700	1.739681	1.740033
968.000000	1.740319	1.739307	1.739656
969.000000	1.739939	1.738933	1.739278
970.000000	1.739558	1.738559	1.738901
971.000000	1.739177	1.738185	1.738523
972.000000	1.738797	1.737811	1.738146
973.000000	1.738416	1.737437	1.737768
974.000000	1.738035	1.737063	1.737390
975.000000	1.737654	1.736689	1.737013
976.000000	1.737273	1.736315	1.736635
977.000000	1.736893	1.735941	1.736258
978.000000	1.736512	1.735567	1.735880
979.000000	1.736131	1.735193	1.735502
980.000000	1.735750	1.734819	1.735125
981.000000	1.735369	1.734445	1.734747
982.000000	1.734988	1.734071	1.734370
983.000000	1.734607	1.733697	1.733992
984.000000	1.734226	1.733323	1.733614
985.000000	1.733845	1.732949	1.733237
986.000000	1.733464	1.732575	1.732859
987.000000	1.733083	1.732201	1.732481
988.000000	1.732702	1.731827	1.732104
989.000000	1.732321	1.731453	1.731726
990.000000	1.731940	1.731079	1.731348
991.000000	1.731559	1.730705	1.730971
992.000000	1.731178	1.730331	1.730593
993.000000	1.730797	1.729957	1.730215
994.000000	1.730416	1.729583	1.729838
995.000000	1.730035	1.729209	1.729460
996.000000	1.729653	1.728835	1.729082
997.000000	1.729272	1.728461	1.728704
998.000000	1.728891	1.728087	1.728327
999.000000	1.728510	1.727713	1.727949
1000.000000	1.728129	1.727340	1.727571
1001.000000	1.727747	1.726966	1.727193
1002.000000	1.727366	1.726592	1.726816
1003.000000	1.726985	1.726218	1.726438
1004.000000	1.726604	1.725844	1.726060
1005.000000	1.726222	1.725470	1.725682
1006.000000	1.725841	1.725096	1.725305
1007.000000	1.725460	1.724722	1.724927
1008.000000	1.725078	1.724348	1.724549
1009.000000	1.724697	1.723974	1.724171
1010.000000	1.724316	1.723600	1.723793
1011.000000	1.723934	1.723226	1.723416
1012.000000	1.723553	1.722852	1.723038
1013.000000	1.723171	1.722478	1.722660
1014.000000	1.722790	1.722104	1.722282
1015.000000	1.722408	1.721730	1.721904
1016.000000	1.722027	1.721356	1.721527
1017.000000	1.721645	1.720982	1.721149
1018.000000	1.721264	1.720608	1.720771
1019.000000	1.720882	1.720234	1.720393
1020.000000	1.720501	1.719860	1.720015
1021.000000	1.720119	1.719486	1.719637
1022.000000	1.719738	1.719112	1.719259
1023.000000	1.719356	1.718738	1.718881
1024.000000	1.718975	1.718364	1.718504
1025.000000	1.718593	1.717990	1.718126
1026.000000	1.718211	1.717616	1.717748
1027.000000	1.717830	1.717242	1.717370
1028.000000	1.717448	1.716868	1.716992
1029.000000	1.717066	1.716493	1.716614
1030.000000	1.716685	1.716119	1.716236
1031.000000	1.716303	1.715745	1.715858
1032.000000	1.715921	1.715371	1.715480
1033.000000	1.715540	1.714997	1.715102
1034.000000	1.715158	1.714623	1.714724
1035.000000	1.714776	1.714249	1.714346
1036.000000	1.714394	1.713875	1.713968
1037.000000	1.714013	1.713501	1.713590
1038.000000	1.713631	1.713127	1.713213
1039.000000	1.713249	1.712753	1.712835
1040.000000	1.712867	1.712379	1.712457
1041.000000	1.712485	1.712005	1.712079
1042.000000	1.712103	1.711631	1.711701
1043.000000	1.711722	1.711257	1.711323
1044.000000	1.711340	1.710883	1.710945
1045.000000	1.710958	1.710509	1.710567
1046.000000	1.710576	1.710135	1.710189
1047.000000	1.710194	1.709761	1.709811
1048.000000	1.709812	1.709387	1.709433
1049.000000	1.709430	1.709013	1.709055
1050.000000	1.709048	1.708639	1.708676
1051.000000	1.708666	1.708265	1.708298
1052.000000	1.708284	1.707891	1.707920
1053.000000	1.707902	1.707517	1.707542
1054.000000	1.707520	1.707143	1.707164
1055.000000	1.707138	1.706769	1.706786
1056.000000	1.706756	1.706395	1.706408
1057.000000	1.706374	1.706021	1.706030
1058.000000	1.705992	1.705647	1.705652
1059.000000	1.705610	1.705273	1.705274
1060.000000	1.705227	1.704899	1.704896
1061.000000	1.704845	1.704525	1.704518
1062.000000	1.704463	1.704151	1.704140
1063.000000	1.704081	1.703777	1.703762
1064.000000	1.703699	1.703403	1.703383
1065.000000	1.703317	1.703029	1.703005
1066.000000	1.702934	1.702655	1.702627
1067.000000	1.702552	1.702281	1.702249
1068.000000	1.702170	1.701907	1.701871
1069.000000	1.701788	1.701533	1.701493
1070.000000	1.701406	1.701159	1.701115
1071.000000	1.701023	1.700785	1.700737
1072.000000	1.700641	1.700411	1.700358
1073.000000	1.700259	1.700037	1.699980
1074.000000	1.699876	1.699663	1.699602
1075.000000	1.699494	1.699289	1.699224
1076.000000	1.699112	1.698915	1.698846
1077.000000	1.698729	1.698541	1.698468
1078.000000	1.698347	1.698167	1.698089
1079.000000	1.697965	1.697793	1.697711
1080.000000	1.697582	1.697419	1.697333
1081.000000	1.697200	1.697045	1.696955
1082.000000	1.696817	1.696671	1.696577
1083.000000	1.696435	1.696297	1.696198
1084.000000	1.696053	1.695923	1.695820
1085.000000	1.695670	1.695549	1.695442
1086.000000	1.695288	1.695175	1.695064
1087.000000	1.694905	1.694801	1.694685
1088.000000	1.694523	1.694427	1.694307
1089.000000	1.694140	1.694053	1.693929
1090.000000	1.693758	1.693679	1.693551
1091.000000	1.693375	1.693305	1.693173
1092.000000	1.692993	1.692931	1.692794
1093.000000	1.692610	1.692556	1.692416
1094.000000	1.692227	1.692182	1.692038
1095.000000	1.691845	1.691808	1.691659
1096.000000	1.691462	1.691434	1.691281
1097.000000	1.691080	1.691060	1.690903
1098.000000	1.690697	1.690686	1.690525
1099.000000	1.690314	1.690312	1.690146
1100.000000	1.689932	1.689938	1.689768
1101.000000	1.689549	1.689564	1.689390
1102.000000	1.689166	1.689190	1.689011
1103.000000	1.688784	1.688816	1.688633
1104.000000	1.688401	1.688442	1.688255
1105.000000	1.688018	1.688068	1.687877
1106.000000	1.687636	1.687694	1.687498
1107.000000	1.687253	1.687320	1.687120
1108.000000	1.686870	1.686946	1.686742
1109.000000	1.686487	1.686572	1.686363
1110.000000	1.686105	1.686198	1.685985
1111.000000	1.685722	1.685824	1.685607
1112.000000	1.685339	1.685450	1.685228
1113.000000	1.684956	1.685076	1.684850
1114.000000	1.684573	1.684702	1.684472
1115.000000	1.684191	1.684328	1.684093
1116.000000	1.683808	1.683954	1.683715
1117.000000	1.683425	1.683580	1.683336
1118.000000	1.683042	1.683206	1.682958
1119.000000	1.682659	1.682832	1.682580
1120.000000	1.682276	1.682458	1.682201
1121.000000	1.681893	1.682084	1.681823
1122.000000	1.681510	1.681710	1.681445
1123.000000	1.681127	1.681336	1.681066
1124.000000	1.680745	1.680962	1.680688
1125.000000	1.680362	1.680588	1.680309
1126.000000	1.679979	1.680214	1.679931
1127.000000	1.679596	1.679840	1.679553
1128.000000	1.679213	1.679465	1.679174
1129.000000	1.678830	1.679091	1.678796
1130.000000	1.678447	1.678717	1.678417
1131.000000	1.678064	1.678343	1.678039
1132.000000	1.677681	1.677969	1.677660
1133.000000	1.677298	1.677595	1.677282
1134.000000	1.676914	1.677221	1.676904
1135.000000	1.676531	1.676847	1.676525
1136.000000	1.676148	1.676473	1.676147
1137.000000	1.675765	1.676099	1.675768
1138.000000	1.675382	1.675725	1.675390
1139.000000	1.674999	1.675351	1.675011
1140.000000	1.674616	1.674977	1.674633
1141.000000	1.674233	1.674603	1.674254
1142.000000	1.673850	1.674229	1.673876
1143.000000	1.673466	1.673855	1.673497
1144.000000	1.673083	1.673481	1.673119
1145.000000	1.672700	1.673107	1.672740
1146.000000	1.672317	1.672733	1.672362
1147.000000	1.671934	1.672359	1.671983
1148.000000	1.671550	1.671985	1.671605
1149.000000	1.671167	1.671611	1.671226
1150.000000	1.670784	1.671237	1.670848
1151.000000	1.670401	1.670863	1.670469
1152.000000	1.670017	1.670489	1.670091
1153.000000	1.669634	1.670115	1.669712
1154.000000	1.669251	1.669741	1.669334
1155.000000	1.668868	1.669366	1.668955
1156.000000	1.668484	1.668992	1.668577
1157.000000	1.668101	1.668618	1.668198
1158.000000	1.667718	1.668244	1.667820
1159.000000	1.667334	1.667870	1.667441
1160.000000	1.666951	1.667496	1.667062
1161.000000	1.666568	1.667122	1.666684
1162.000000	1.666184	1.666748	1.666305
1163.000000	1.665801	1.666374	1.665927
1164.000000	1.665417	1.666000	1.665548
1165.000000	1.665034	1.665626	1.665170
1166.000000	1.664651	1.665252	1.664791
1167.000000	1.664267	1.664878	1.664413
1168.000000	1.663884	1.664504	1.664034
1169.000000	1.663500	1.664130	1.663655
1170.000000	1.663117	1.663756	1.663277
1171.000000	1.662733	1.663382	1.662898
1172.000000	1.662350	1.663008	1.662520
1173.000000	1.661966	1.662634	1.662141
1174.000000	1.661583	1.662260	1.661762
1175.000000	1.661199	1.661886	1.661384
1176.000000	1.660816	1.661512	1.661005
1177.000000	1.660432	1.661138	1.660626
1178.000000	1.660049	1.660764	1.660248
1179.000000	1.659665	1.660390	1.659869
1180.000000	1.659282	1.660015	1.659491
1181.000000	1.658898	1.659641	1.659112
1182.000000	1.658514	1.659267	1.658733
1183.000000	1.658131	1.658893	1.658355
1184.000000	1.657747	1.658519	1.657976
1185.000000	1.657363	1.658145	1.657597
1186.000000	1.656980	1.657771	1.657219
1187.000000	1.656596	1.657397	1.656840
1188.000000	1.656213	1.657023	1.656461
1189.000000	1.655829	1.656649	1.656083
1190.000000	1.655445	1.656275	1.655704
1191.000000	1.655062	1.655901	1.655325
1192.000000	1.654678	1.655527	1.654947
1193.000000	1.654294	1.655153	1.654568
1194.000000	1.653910	1.654779	1.654189
1195.000000	1.653527	1.654405	1.653811
1196.000000	1.653143	1.654031	1.653432
1197.000000	1.652759	1.653657	1.653053
1198.000000	1.652375	1.653283	1.652675
1199.000000	1.651992	1.652909	1.652296
1200.000000	1.651608	1.652535	1.651917
1201.000000	1.651224	1.652161	1.651538
1202.000000	1.650840	1.651786	1.651160
1203.000000	1.650457	1.651412	1.650781
1204.000000	1.650073	1.651038	1.650402
1205.000000	1.649689	1.650664	1.650024
1206.000000	1.649305	1.650290	1.649645
1207.000000	1.648921	1.649916	1.649266
1208.000000	1.648537	1.649542	1.648887
1209.000000	1.648153	1.649168	1.648509
1210.000000	1.647770	1.648794	1.648130
1211.000000	1.647386	1.648420	1.647751
1212.000000	1.647002	1.648046	1.647372
1213.000000	1.646618	1.647672	1.646994
1214.000000	1.646234	1.647298	1.646615
1215.000000	1.645850	1.646924	1.646236
1216.000000	1.645466	1.646550	1.645857
1217.000000	1.645082	1.646176	1.645479
1218.000000	1.644698	1.645802	1.645100
1219.000000	1.644314	1.645428	1.644721
1220.000000	1.643930	1.645054	1.644342
1221.000000	1.643546	1.644680	1.643964
1222.000000	1.643162	1.644305	1.643585
1223.000000	1.642778	1.643931	1.643206
1224.000000	1.642394	1.643557	1.642827
1225.000000	1.642010	1.643183	1.642448
1226.000000	1.641626	1.642809	1.642070
1227.000000	1.641242	1.642435	1.641691
1228.000000	1.640858	1.642061	1.641312
1229.000000	1.640474	1.641687	1.640933
1230.000000	1.640090	1.641313	1.640554
1231.000000	1.639706	1.640939	1.640176
1232.000000	1.639322	1.640565	1.639797
1233.000000	1.638938	1.640191	1.639418
1234.000000	1.638554	1.639817	1.639039
1235.000000	1.638170	1.639443	1.638660
1236.000000	1.637785	1.639069	1.638281
1237.000000	1.637401	1.638695	1.637903
1238.000000	1.637017	1.638321	1.637524
1239.000000	1.636633	1.637947	1.637145
1240.000000	1.636249	1.637573	1.636766
1241.000000	1.635865	1.637198	1.636387
1242.000000	1.635480	1.636824	1.636008
1243.000000	1.635096	1.636450	1.635629
1244.000000	1.634712	1.636076	1.635251
1245.000000	1.634328	1.635702	1.634872
1246.000000	1.633944	1.635328	1.634493
1247.000000	1.633559	1.634954	1.634114
1248.000000	1.633175	1.634580	1.633735
1249.000000	1.632791	1.634206	1.633356
1250.000000	1.632407	1.633832	1.632977
1251.000000	1.632022	1.633458	1.632599
1252.000000	1.631638	1.633084	1.632220
1253.000000	1.631254	1.632710	1.631841
1254.000000	1.630870	1.632336	1.631462
1255.000000	1.630485	1.631962	1.631083
1256.000000	1.630101	1.631588	1.630704
1257.000000	1.629717	1.631214	1.630325
1258.000000	1.629332	1.630840	1.629946
1259.000000	1.628948	1.630466	1.629567
1260.000000	1.628564	1.630091	1.629188
1261.000000	1.628179	1.629717	1.628810
1262.000000	1.627795	1.629343	1.628431
1263.000000	1.627411	1.628969	1.628052
1264.000000	1.627026	1.628595	1.627673
1265.000000	1.626642	1.628221	1.627294
1266.000000	1.626257	1.627847	1.626915
1267.000000	1.625873	1.627473	1.626536
1268.000000	1.625489	1.627099	1.626157
1269.000000	1.625104	1.626725	1.625778
1270.000000	1.624720	1.626351	1.625399
1271.000000	1.624335	1.625977	1.625020
1272.000000	1.623951	1.625603	1.624641
1273.000000	1.623566	1.625229	1.624262
