T(K)	E0(eV)	E0_err(eV)
5.15	2.05162	2e-05
10	2.05154	3e-05
20	2.05142	2e-05
40	2.0505	3e-05
60	2.04907	5e-05
80	2.0462	3e-05
100	2.0431	2e-05
125	2.03703	1e-05
150	2.03117	1e-05
175	2.02563	1e-05
200	2.01904	1e-05
225	2.01201	1e-05
250	2.00528	1e-05
275	2.00009	1e-05
292	1.99872	1e-05
293.4	1.99833	1e-05
295	1.99126	1e-05
298.15	1.99799	1e-05
323.15	1.99063	1e-05
348.15	1.98284	2e-05
373.15	1.97213	2e-05
423.15	1.94906	6e-05
473.15	1.92429	9e-05
523.15	1.90128	0.00014
573.15	1.87834	0.00025
623.15	1.85585	0.00029
673.15	1.83613	0.00028
723.15	1.81851	0.00036
773.15	1.80499	0.0006
823.15	1.78268	0.00089
873.15	1.76392	0.00083
923.15	1.74762	0.0014
973.15	1.73334	0.00239
1023.15	1.71879	0.00549
1123.15	1.68104	0.00936
1173.15	1.66985	0.00437
1223.15	1.65281	0.00293
1273.15	1.64795	0.00903
