sample	run	T(K)	E2g(cm-1)	E2g_err(cm-1)	2LA(cm-1)	2LA_err(cm-1)	E2g+2LA_merged(cm-1)	E2g+2LA_merged_err(cm-1)
non-encapsulated	heat-up	298.15	351.437	0.238486	346.594	0.549803	348.917	0.07384
non-encapsulated	heat-up	323.15	351.244	0.253941	346.335	0.58126	348.683	0.0747604
non-encapsulated	heat-up	373.15	351.364	0.357658	346.608	0.55832	348.233	0.0761918
non-encapsulated	heat-up	423.15	351.83	0.405473	346.831	0.560794	348.152	0.108526
non-encapsulated	heat-up	473.15	352.197	0.440036	347.52	0.466558	348.422	0.155107
non-encapsulated	heat-up	523.15	351.441	0.348867	347.032	0.599959	348.378	0.205184
non-encapsulated	heat-up	573.15	349.944	0.509139	339.76	2.38807	347.517	0.252197
non-encapsulated	heat-up	623.15	348.591	0.467037	337.222	2.25105	346.771	0.213941
non-encapsulated	heat-up	673.15	348.08	0.474951	337.089	1.85801	345.675	0.227712
non-encapsulated	heat-up	723.15	346.581	0.455218	335.855	2.30916	344.942	0.173078
non-encapsulated	heat-up	773.15	345.919	0.431003	335.182	1.91201	344.035	0.17254
non-encapsulated	heat-up	823.15	345.066	0.396551	334.508	1.74607	343.196	0.163902
non-encapsulated	heat-up	873.15	344.428	0.357099	333.835	1.42252	342.361	0.162617
non-encapsulated	heat-up	923.15	343.531	0.402074	333.161	1.56116	341.39	0.160772
non-encapsulated	heat-up	973.15	342.703	0.498702	332.488	1.68102	340.341	0.167696
non-encapsulated	heat-up	1023.15	341.452	0.635196	331.814	2.28119	339.418	0.15578
non-encapsulated	heat-up	1073.15	341.019	0.660868	331.518	1.94399	338.493	0.166702
non-encapsulated	heat-up	1123.15	339.788	0.843443	330.467	2.43904	337.429	0.16193
non-encapsulated	heat-up	1173.15	339.076	0.885367	329.794	2.43945	336.653	0.173969
non-encapsulated	heat-up	1223.15	338.226	1.53356	329.12	5.38111	336.297	0.233153
hBN-encapsulated	LT_5-295K	5.15	351.039	0.8278	345.777	2.5487	349.094	0.1353
hBN-encapsulated	LT_5-295K	10	353.163	0.2736	346.975	0.5042	348.848	0.1811
hBN-encapsulated	LT_5-295K	20	352.184	0.2449	346.132	0.8039	349.175	0.1699
hBN-encapsulated	LT_5-295K	40	352.443	0.38	346.207	0.9906	349.007	0.1759
hBN-encapsulated	LT_5-295K	60	352.238	0.2733	345.828	0.9102	349.14	0.1941
hBN-encapsulated	LT_5-295K	80	351.851	0.3092	344.306	1.1133	349.185	0.2235
hBN-encapsulated	LT_5-295K	100	352.389	0.2943	345.695	1.1823	350.074	0.1675
hBN-encapsulated	LT_5-295K	125	352.053	0.2852	344.817	1.5855	350.065	0.1744
hBN-encapsulated	LT_5-295K	150	352.988	0.4046	347.443	1.0476	349.938	0.1421
hBN-encapsulated	LT_5-295K	175	352.112	0.2771	345.311	1.2077	350.116	0.1544
hBN-encapsulated	LT_5-295K	200	352.637	0.2835	346.189	1.2903	350.292	0.1712
hBN-encapsulated	LT_5-295K	225	352.847	0.2639	346.468	1.0581	350.357	0.1711
hBN-encapsulated	LT_5-295K	250	352.762	0.2719	346.198	1.1948	350.479	0.1742
hBN-encapsulated	LT_5-295K	275	352.286	0.266	345.973	1.1117	350.204	0.1457
hBN-encapsulated	LT_5-295K	295	351.38	0.1804	342.989	0.8295	350.461	0.1286
hBN-encapsulated	cooldown	298.15	352.703	0.2149	347.054	0.6221	349.895	0.1468
hBN-encapsulated	cooldown	323.15	352.384	0.2512	346.673	0.7402	349.529	0.1545
hBN-encapsulated	cooldown	373.15	351.864	0.4756	346.925	0.9989	349.403	0.1215
hBN-encapsulated	cooldown	923.15	350.812	0.8576	344.41	0.574	345.711	0.4983
hBN-encapsulated	cooldown	973.15	350.935	0.9801	344.698	0.4402	344.957	0.455
hBN-encapsulated	cooldown	1023.15	349.014	0.3915	342.462	1.2397	344.217	0.6406
hBN-encapsulated	cooldown	1073.15	345.088	3.6003	339.62	0.8392	340.906	0.2596
hBN-encapsulated	cooldown	1123.15	356.438	2.2198	339.366	0.5755	338.319	0.4515
hBN-encapsulated	cooldown	1173.15	358.879	0.987	339.098	0.2943	339.072	0.2906
hBN-encapsulated	cooldown	1223.15	369.145	1.7546	338.474	0.2932	338.444	0.2914
hBN-encapsulated	cooldown	1273.15	361.769	0.8554	338.009	0.4322	338.005	0.4349
hBN-encapsulated	1st_heat-up	293.4	352.59	0.3459	347.348	0.6528	350.906	0.1089
hBN-encapsulated	1st_heat-up	1173.15	342.206	0.4376	333.81	0.7173	340.374	0.1707
hBN-encapsulated	1st_heat-up	1273.15	349.662	0.5104	337.994	0.43	338.005	0.4349
hBN-encapsulated	2nd_heat-up	298.15	352.603	0.271	347.333	0.7661	349.829	0.1309
hBN-encapsulated	2nd_heat-up	323.15	352.248	0.235	346.778	0.7628	349.763	0.1309
hBN-encapsulated	2nd_heat-up	348.15	351.793	0.2838	346.096	1.0676	349.548	0.1379
hBN-encapsulated	2nd_heat-up	373.15	352.872	0.2345	347.529	0.5173	349.571	0.1401
hBN-encapsulated	2nd_heat-up	923.15	352.255	1.0967	343.939	0.4534	344.075	0.3862
hBN-encapsulated	2nd_heat-up	973.15	349.584	2.6092	342.036	0.5437	342.642	1.7248
hBN-encapsulated	2nd_heat-up	1023.15	348.371	1.8192	344.069	2.0418	345.772	0.926
