T(K)	XA0_integrated_intensity(a.u.)
5.15	14.1469
10	13.574
20	14.9143
40	16.1295
60	52.3782
80	215.311
100	500.816
125	1049.5
150	1743.47
175	1762.69
200	1721.87
225	1239.95
250	968.105
275	621.828
292	1032.47
293.4	898.639
295	527.183
298.15	934.855
323.15	759.065
348.15	559.281
373.15	527.601
423.15	588.059
473.15	523.329
523.15	398.027
573.15	380.34
623.15	380.487
673.15	314.942
723.15	312.316
773.15	292.535
823.15	283.008
873.15	317.521
923.15	428.093
973.15	597.154
1023.15	223.752
1123.15	739.454
1173.15	994.119
1223.15	1142.43
1273.15	632.866
