T(K)	FWHM_phonon_model(meV)
5.15	5.58585
7.64336	5.60767
10.1367	5.62948
12.6301	5.65129
15.1234	5.67311
17.6168	5.69492
20.1102	5.71673
22.6035	5.73855
25.0969	5.76036
27.5902	5.78217
30.0836	5.80399
32.5769	5.8258
35.0703	5.84763
37.5637	5.86947
40.057	5.89135
42.5504	5.91329
45.0437	5.93535
47.5371	5.95759
50.0305	5.98009
52.5238	6.00296
55.0172	6.02632
57.5105	6.05034
60.0039	6.07518
62.4972	6.10103
64.9906	6.12808
67.484	6.15654
69.9773	6.18663
72.4707	6.21857
74.964	6.25256
77.4574	6.28883
79.9508	6.32757
82.4441	6.36899
84.9375	6.41328
87.4308	6.46059
89.9242	6.51111
92.4175	6.56497
94.9109	6.62231
97.4043	6.68325
99.8976	6.7479
102.391	6.81634
104.884	6.88866
107.378	6.96492
109.871	7.04518
112.364	7.12947
114.858	7.21783
117.351	7.31027
119.844	7.40681
122.338	7.50745
124.831	7.61218
127.325	7.72098
129.818	7.83384
132.311	7.95074
134.805	8.07163
137.298	8.19648
139.791	8.32526
142.285	8.45791
144.778	8.59439
147.271	8.73465
149.765	8.87863
152.258	9.02628
154.752	9.17754
157.245	9.33235
159.738	9.49066
162.232	9.6524
164.725	9.81752
167.218	9.98595
169.712	10.1576
172.205	10.3325
174.698	10.5105
177.192	10.6915
179.685	10.8756
182.178	11.0626
184.672	11.2525
187.165	11.4452
189.659	11.6407
192.152	11.8389
194.645	12.0397
197.139	12.2431
199.632	12.4491
202.125	12.6576
204.619	12.8684
207.112	13.0817
209.605	13.2973
212.099	13.5152
214.592	13.7353
217.085	13.9576
219.579	14.182
222.072	14.4085
224.566	14.6371
227.059	14.8676
229.552	15.1001
232.046	15.3346
234.539	15.5708
237.032	15.809
239.526	16.0489
242.019	16.2905
244.512	16.5339
247.006	16.779
249.499	17.0257
251.992	17.274
254.486	17.5239
256.979	17.7753
259.473	18.0282
261.966	18.2826
264.459	18.5385
266.953	18.7957
269.446	19.0544
271.939	19.3144
274.433	19.5757
276.926	19.8383
279.419	20.1022
281.913	20.3674
284.406	20.6338
286.899	20.9013
289.393	21.1701
291.886	21.44
294.38	21.711
296.873	21.9831
299.366	22.2563
301.86	22.5306
304.353	22.8059
306.846	23.0822
309.34	23.3596
311.833	23.6379
314.326	23.9171
316.82	24.1973
319.313	24.4785
321.807	24.7605
324.3	25.0434
326.793	25.3272
329.287	25.6119
331.78	25.8974
334.273	26.1837
336.767	26.4708
339.26	26.7588
341.753	27.0475
344.247	27.3369
346.74	27.6272
349.233	27.9181
351.727	28.2098
354.22	28.5022
356.714	28.7953
359.207	29.089
361.7	29.3835
364.194	29.6786
366.687	29.9744
369.18	30.2708
371.674	30.5678
374.167	30.8654
376.66	31.1637
379.154	31.4625
381.647	31.7619
384.14	32.062
386.634	32.3625
389.127	32.6636
391.621	32.9653
394.114	33.2675
396.607	33.5703
399.101	33.8735
401.594	34.1773
404.087	34.4816
406.581	34.7863
409.074	35.0916
411.567	35.3973
414.061	35.7035
416.554	36.0102
419.047	36.3173
421.541	36.6249
424.034	36.9329
426.528	37.2414
429.021	37.5503
431.514	37.8596
434.008	38.1693
436.501	38.4794
438.994	38.7899
441.488	39.1009
443.981	39.4122
446.474	39.7239
448.968	40.0359
451.461	40.3484
453.955	40.6612
456.448	40.9744
458.941	41.2879
461.435	41.6018
463.928	41.916
466.421	42.2306
468.915	42.5455
471.408	42.8607
473.901	43.1763
476.395	43.4922
478.888	43.8084
481.381	44.1249
483.875	44.4417
486.368	44.7589
488.862	45.0763
491.355	45.394
493.848	45.712
496.342	46.0303
498.835	46.3489
501.328	46.6677
503.822	46.9869
506.315	47.3063
508.808	47.6259
511.302	47.9459
513.795	48.2661
516.288	48.5865
518.782	48.9072
521.275	49.2282
523.769	49.5494
526.262	49.8708
528.755	50.1925
531.249	50.5145
533.742	50.8366
536.235	51.159
538.729	51.4816
541.222	51.8045
543.715	52.1275
546.209	52.4508
548.702	52.7743
551.195	53.098
553.689	53.4219
556.182	53.7461
558.676	54.0704
561.169	54.395
563.662	54.7197
566.156	55.0446
568.649	55.3698
571.142	55.6951
573.636	56.0206
576.129	56.3463
578.622	56.6722
581.116	56.9983
583.609	57.3246
586.103	57.651
588.596	57.9776
591.089	58.3044
593.583	58.6314
596.076	58.9585
598.569	59.2858
601.063	59.6133
603.556	59.9409
606.049	60.2687
608.543	60.5967
611.036	60.9248
613.529	61.2531
616.023	61.5815
618.516	61.9101
621.01	62.2389
623.503	62.5678
625.996	62.8968
628.49	63.226
630.983	63.5553
633.476	63.8848
635.97	64.2144
638.463	64.5442
640.956	64.8741
643.45	65.2041
645.943	65.5343
648.436	65.8646
650.93	66.195
653.423	66.5256
655.917	66.8563
658.41	67.1871
660.903	67.5181
663.397	67.8492
665.89	68.1804
668.383	68.5117
670.877	68.8432
673.37	69.1747
675.863	69.5064
678.357	69.8382
680.85	70.1702
683.343	70.5022
685.837	70.8344
688.33	71.1666
690.824	71.499
693.317	71.8315
695.81	72.1641
698.304	72.4968
700.797	72.8296
703.29	73.1626
705.784	73.4956
708.277	73.8287
710.77	74.162
713.264	74.4953
715.757	74.8287
718.251	75.1623
720.744	75.4959
723.237	75.8297
725.731	76.1635
728.224	76.4974
730.717	76.8315
733.211	77.1656
735.704	77.4998
738.197	77.8341
740.691	78.1685
743.184	78.503
745.677	78.8376
748.171	79.1722
750.664	79.507
753.158	79.8418
755.651	80.1768
758.144	80.5118
760.638	80.8469
763.131	81.182
765.624	81.5173
768.118	81.8527
770.611	82.1881
773.104	82.5236
775.598	82.8592
778.091	83.1949
780.584	83.5306
783.078	83.8664
785.571	84.2023
788.065	84.5383
790.558	84.8744
793.051	85.2105
795.545	85.5467
798.038	85.883
800.531	86.2193
803.025	86.5558
805.518	86.8923
808.011	87.2288
810.505	87.5655
812.998	87.9022
815.491	88.2389
817.985	88.5758
820.478	88.9127
822.972	89.2497
825.465	89.5867
827.958	89.9238
830.452	90.261
832.945	90.5983
835.438	90.9356
837.932	91.2729
840.425	91.6104
842.918	91.9479
845.412	92.2854
847.905	92.6231
850.398	92.9607
852.892	93.2985
855.385	93.6363
857.879	93.9741
860.372	94.3121
862.865	94.65
865.359	94.9881
867.852	95.3262
870.345	95.6643
872.839	96.0025
875.332	96.3408
877.825	96.6791
880.319	97.0175
882.812	97.3559
885.306	97.6944
887.799	98.033
890.292	98.3716
892.786	98.7102
895.279	99.0489
897.772	99.3877
900.266	99.7265
902.759	100.065
905.252	100.404
907.746	100.743
910.239	101.082
912.732	101.421
915.226	101.76
917.719	102.099
920.213	102.439
922.706	102.778
925.199	103.117
927.693	103.457
930.186	103.796
932.679	104.135
935.173	104.475
937.666	104.814
940.159	105.154
942.653	105.494
945.146	105.833
947.639	106.173
950.133	106.513
952.626	106.853
955.12	107.192
957.613	107.532
960.106	107.872
962.6	108.212
965.093	108.552
967.586	108.892
970.08	109.232
972.573	109.573
975.066	109.913
977.56	110.253
980.053	110.593
982.546	110.933
985.04	111.274
987.533	111.614
990.027	111.955
992.52	112.295
995.013	112.636
997.507	112.976
1000	113.317
